$ANSIBLE_VAULT;1.1;AES256
31373462643732356435393634636539396237356364343937336565623466623636313331383439
3938393134396465373733306636306432663165323765650a653337303135393431336536353961
66396664386463306638356233383938353835326433623830316538393365333465316564373765
6562626633363834340a326235383835626161336330316435643239326531653833656634366233
39623735663836336566383931373266323832356236366233376230643936333766366466613232
63313236393035653438333861376132346166653362656334656230323731323931623637373039
64343232646439623766393265626535373730313538316461653462373262393463653132656466
37323262656430303835333735306538393233663165656336633232306331613133646633653337
62303665383730383032313161626165613961636433663131366334316233383861633361373135
33383663623534396166663730316164346230353137343836643136353637313162373733656466
32356165326637373134363137343332396432613261363962613434323830376431653365373465
31383030623131323937336163633232303237396639616434386332633037656164623631653961
30363034383232343736653533303666653362313966373936653137643338653261653361353639
35346538306637343966356131363031386432303762326334616538643737353066316538343938
37646162346563333261613265626162393739363538623134356339663533383864363361303761
63393631366666633832616538616237313233393132666266386634396566346666376161666238
64663961313534336665313236313362646233393134353537663233346337373163343365633031
39326138643734623136313361633430353161336232616466323733663364323262653063646566
61313931323334383461333534393539656264333562316461306162363565666366393031626531
61666237386661643731323636643235613961363264356562643036663365613864633231623163
32663630326338303937316230323433393831666538343265626131363539333665326533386131
31666263383834383133396630353632313836643664613434663132323463346662396662313438
65346238643833616439653162613936613262623931613838643132653539376665353861396130
66663063323630613034383330373733396238313065313033373139643932383834383534386166
62646565656130643030666562333839396530616236646337303463613234303062663735303565
66386338376235663037663433653433623561666439303232663936303962393739636635666463
37343465306331363036326531323530316161323264613166323831353764616639313331373033
36326430383039376437373436383032303136393964336632383865613331616532396331643265
65633932373661653838633430356137333739313434373332326265633435656563373537666535
39333134353565366164376333323634613766356539326630346163633537303433396264366366
65363136643963656637336534653738623630623862396630326635386230623431643838616233
64653939656164393564396338303263343537636239353838366362376662363831653963623634
64343263386236643165616536346532333633353434303462633466376162353563613133303565
63613336353366346635656631383538363166373437376438616461313936356664623633373234
36363761643131343237303138643735616139353664376336653038653634633162323233313666
63623530383164316331653035396266636665393932393132366462316461343564666331646666
36653861393566383166303039616462383332306561363933646633316461616538343462666466
32636537633633373130343965376439383439373363653439346331666334383332373237626561
35646263303735623636623261303630386537393062613162653334383033353938336237336265
36373239626535653566323130633962656338616462376138313337653262626538633565383531
38373933353762376437316231373036333138616634356334326338376661396565353735366561
66336261303230343332363862363834376534383761366663373031663534353635326366353163
63663235613131616130366433316162636563383634366666383237316237626264616461303365
33626665333738653633396234316332366437663139653962363833623934376661363231383464
65386661396262343537643565353535356539626636646636306236373132643638656537643136
65626535376162336565656161363132303265623266376231383537356533303831346462383234
64613661326333343436396662636131386136396637373732366465306661333263376334616132
39323732353961636165633839353530336134373036646334313035613865313966386236346435
32366564613035373266666166343334356136336463356564653630613563303964623635613632
36323535353561643665393233333238643336383831306562316465373434383639386466623335
36346236326462343561653061383934653730373039323837393331363238373136376638356633
65636566636439613637613039653230383962313436656363633739306364613462343166313961
63613262623533626563303362303064663833303433393732303233373566313439383430316335
33636130643033393562376435316261323366373766343434323765373031316535626561623239
64333533343263326139346532353133323966346535306564663735636465616536333663383132
65653534656361323464383061393264313834633238656134363363613863643537623364646534
62623139316663363162643138313432653631343734313964626161636136666130626438663331
37346438626234643763363738383939323065613266633037633032343461653963653632373836
30343365346230633966313439616662626330383062323264623136663737323766646435636339
66643135646237396234643836363138656230306135333732626135393835653733626531363137
37633366323539366330613532636131396561343837376662653565396530613666313938396663
35333864663135623335343030363564323032643166653531383634373163653061323964313737
62666162613133613833373634383836303831633030623763323939333339373335616635386635
61353334623864663463643763323663306434376331356233386264383435666261353239386530
32303434613435326663373337653761396434653962636438313465333262376365373064663037
35383062396163383465616563326638633831636130363362613135346333653761313138326233
65653134373836396536633630373435323838346431663463356238333466376539343037303266
39313232643164383364613630623032323935373436313331383238623830653466333562326264
32646263653663376661303132623735356434396336323632363862646461616333353039316536
35613632323232613564343535353662616331623333623436616239353062373463663661363762
38636534643061636539643734343030613236303466653636316664636331316461343333383935
65316663363634626539333964636466393935636233306166613261363765663130623362646432
66316433396562316661333235663833363530326133393435353265366262393465376633663762
33346461636231363738353536366532616132383734346436396164663736623036343262366434
65363832306566333037613632326538316263636238663166313436373139333531656138663034
66303862393961353536653065636236353934323463646265373437316337306335346438383430
37303134373239393339386562633263363463393938376265633931626333303037376230326463
38343635353439353230303963323338316137326466313436313633666430303336613335323433
64646462323062343531303636366431633031623835383834626434336339323666326261643536
36373361383435666537313332646235323038633366616632636230313235346330633763396233
66646335353836303661616439646434363664663034373066623435653038343731623533303332
62663261396164336162653931303636613634323139616562373966343465633130666232663235
63393531363734666163373939643236396230393236643730393235383036616438653461313338
32656138356637326131333837653366313739636565383630333833656365653765363332373565
33393132386332323131336365626565613034343137663061303563333036626365333363366364
65336262643339616462386530316136343538356333336639663262386435616431633832623564
37393864353338626236343033616233396430666332323539313835666463396131353965306336
65313230663061663461353166393263303762356637323535313730626162383462636232313435
61383437613035666338373466636132656264643462663830623261623734323963333434383665
32666261333066393839353665393361633139353135353763393064393266353961666566613265
30636164656539323931353130343537666463666335623362643636386264346166653236303833
62356231393339666236323666613666363939326665303937613363616531396264653437306634
38356335656366623532393766643466633036613936336538346666363361393630633963396533
36613161633737373630616335313162616231643462623063393430333764353936363234626531
63303137393263616364353534393362373136373733396131643135616661343561636166333465
33343136623261646339323763376162386536326633363739336138336231323133626461316136
36323237616164323238353066623666633630366361383835333331363431356233343833636462
36376335376137333066376232326435373039333066643936616637376634643330623931336561
39363864643636303332323037336631353433323462343432383532363861333033613633643065
30656238376539643336343235393562313337626261623333613035663538326664333766383066
34333035626163326431636138616461663466353033613064373562306631623064323831663538
32643333633831663237363761386439666166383037393438666536323464333631623566653332
39336534653465643461336334663337316532613865316262633936343031643733343534653661
36666536626337633234303632393164376635363337323430656265386236333661343932333662
32333439623565386564396535643733623638643939633535316361323034666663303534323164
33643566363261663633623966396137643134343335396336353663353131373265366630306264
34323264353262373931343833353334626636366235363938336162656664633139303766643539
66613637386534616166613863383063633962376539313565396636326436396334613162666665
31643030323039353462336662386336616365356330383338373664323063646332323235376637
38393463333839663639313436636465316661623738653332323032613435383462623366373335
37363361316536626161356661316462383234663866373433313833346238653236373331643332
38366231376233663837633337663665353032656336613637663132633561623236636630303161
37353534623761303566376636343166623466383239366162393832383664333134613664646133
64656333613131356164316332346665623338383832336136323037363433626530326265633536
38623061623566633964363230666265656565623439396232383465636261363630373833323364
66383565323565653762383531363366353064326639353066313138636564316665386531373037
36333633336639346133633061653761636237353462633065666131356531353565656662356536
33303865306466393337376666323338373032383961613364303538633265353937383536393836
63323664623130623132366434383966393234396534353763316237366561343666366235623765
36383061633036306334313935393836383533383130383464613666303330633438633133396632
62333661343365393965623665613363636266393133656333343163626362343936333139363665
66386230623764653563383066636666363834346566333235376533393635383666343030626630
65386236383066346136393231356263383437386535333939356236333236356161323637666635
39373963396565386238616665373164346166333165643032666162366339633334636164306233
34626337336631643665353164326430353631303935663237323931383233363231366531633337
38663835326164663634383062366262336466663832323538626537396238623034393632343461
62386466336561346362373332653535383134333438313764656639353236366334646538643530
63333735386533313066326236663234613835333238633835313230666235396161313365613836
39326362323962393233333230353361656230343439363763613634623063396166396234393037
36363862613364666333633638643838363832383063393634386232343733393366633863633264
33653235653731343435396139313632373230616638616534353937313961643365393939353435
36353235613334613863333035356463653862386232313564326166343361363166313361613730
66383463656436623435373839333936313834613035353764613066373132306264343535383334
61366431643332366361323833666464386266613139626665363330623839643036333436393762
643733353038636664313234613533373063
