$ANSIBLE_VAULT;1.1;AES256
62356565323137393138393137326162353466653534323335646261313637316638383063353630
6432383562626537323363333731653062316263316637380a393961326133623766333632626530
36656235383631303536373038363034393039613034323263346563656166323931333339663632
6332653836323837350a666138386632336563386161393661623432303539326166623938336661
65666537643032346232323036346138306536326633313536353335333030353035633036303466
34343333313139343062396364313635643430313135356630613963613562333133303538653832
34396464633664336664366338366331303931353638376533363263366437343266356439616564
33616532623936663962366232306265616661336134396631313733313337656136396633613133
37383838383333346463373135646662333335666461386262383933663235373031616166373239
30613661323031303365343231643930313539313831633534613130626539353235393135396461
66313738633763633133366563396638623534363638366364393133633931396236646431333337
37396534303032646336636436353566356530333865646431653333336163393066653638346262
33343133313663383339313434646364333365643966393734396133303936646233343334636439
39306566643831383834646437353137353936363239353738613365646639666561356437623339
31376362323533356661353730306531396133623936643662313633663639643435656463383735
38363065373463356639646464326666616235333963663162333134393839616561663430346466
65363638376636393738326437653334373266343530373862343165313662626632383138303461
65656131663834393065383939316636353362616535306462333530623931383539633634316530
32373861353536343237623834353333376337393936653336373132623236666433393631396262
34303937303662643539666166316366623138393961393639303866613865616432393366383038
37333961313563326237636265616239626533383736656539643538333139646565633235313663
36323839326232653234613335653364636231633662626337326435386566396632633730343765
32643366333933376334643637326139366431613562353534373238656134303738393335353338
34616339343263323231373230336661386463333066303930393134333935613531663464313033
3566
