$ANSIBLE_VAULT;1.1;AES256
65633861623261626533343361366438383832613364356133363739323264313238303932616135
3439333166353330356162656362336262353236323137310a346435383733303536356130336434
37616663363635393566383437353061353565623762373733643830336161303232343961356539
6139313235643632360a383235393736313531643834653961376631653333343564313734356562
33396366636534376131303439356434316239393266643431373236366236623931363938383438
65613333313330303735373835353231326266326637656634623938383961356365326430323031
32323639616437396165613163383832663934353736666137333539383833663039376561303631
37313462346566643434383762643166336339343134393036663836366565386133643839373338
64643561666633613661383365643135303839356662383235626539393639393338313331353439
37396238393330363564336338396433666231326262316137623136393339623639626234386437
65613063633332666233366539313336366564633739633664303866663030623938366165343638
64376563656132663830613037613233353262303432373334396461616330323366343834646564
33626134313236303234303261663139666363303632393532616663373132356137313532663865
6635643633323133353466333061666232643761633435356336
